L999: 1 (+1, -0)
L1000: 2 (+1, -0)
L1003: 3 (+1, -0)
L1004: 4 (+1, -0)
L1007: 3 (+0, -1)
L1008: 2 (+0, -1)
L1011: 3 (+1, -0)
L1014: 4 (+1, -0)
L1016: 5 (+1, -0)
L1017: 6 (+1, -0)
L1020: 5 (+0, -1)
L1022: 6 (+1, -0)
L1024: 7 (+1, -0)
L1025: 8 (+1, -0)
L1028: 7 (+0, -1)
L1029: 8 (+1, -0)
L1039: 9 (+1, -0)
L1040: 10 (+1, -0)
L1043: 9 (+0, -1)
L1045: 8 (+0, -1)
L1061: 9 (+1, -0)
L1062: 10 (+1, -0)
L1065: 9 (+0, -1)
L1067: 8 (+0, -1)
L1073: 7 (+0, -1)
L1074: 6 (+0, -1)
L1076: 5 (+0, -1)
L1077: 4 (+0, -1)
L1080: 5 (+1, -0)
L1081: 6 (+1, -0)
L1084: 5 (+0, -1)
L1086: 6 (+1, -0)
L1088: 7 (+1, -0)
L1110: 6 (+0, -1)
L1113: 7 (+1, -0)
L1115: 8 (+1, -0)
L1117: 9 (+1, -0)
L1138: 8 (+0, -1)
L1141: 9 (+1, -0)
L1142: 10 (+1, -0)
L1147: 9 (+0, -1)
L1151: 8 (+0, -1)
L1152: 7 (+0, -1)
L1155: 8 (+1, -0)
L1157: 9 (+1, -0)
L1174: 10 (+1, -0)
L1176: 11 (+1, -0)
L1180: 10 (+0, -1)
L1181: 9 (+0, -1)
L1182: 10 (+1, -0)
L1185: 9 (+0, -1)
L1189: 8 (+0, -1)
L1192: 9 (+1, -0)
L1196: 10 (+1, -0)
L1197: 11 (+1, -0)
L1205: 10 (+0, -1)
L1206: 11 (+1, -0)
L1214: 10 (+0, -1)
L1215: 9 (+0, -1)
L1221: 8 (+0, -1)
L1223: 7 (+0, -1)
L1224: 6 (+0, -1)
L1226: 7 (+1, -0)
L1228: 8 (+1, -0)
L1231: 7 (+0, -1)
L1232: 6 (+0, -1)
L1236: 7 (+1, -0)
L1238: 8 (+1, -0)
L1270: 7 (+0, -1)
L1273: 8 (+1, -0)
L1284: 7 (+0, -1)
L1286: 6 (+0, -1)
L1287: 5 (+0, -1)
L1289: 4 (+0, -1)
L1292: 5 (+1, -0)
L1293: 6 (+1, -0)
L1296: 5 (+0, -1)
L1298: 6 (+1, -0)
L1300: 7 (+1, -0)
L1303: 6 (+0, -1)
L1307: 7 (+1, -0)
L1321: 8 (+1, -0)
L1322: 9 (+1, -0)
L1324: 8 (+0, -1)
L1325: 9 (+1, -0)
L1337: 8 (+0, -1)
L1338: 7 (+0, -1)
L1339: 6 (+0, -1)
L1343: 7 (+1, -0)
L1358: 6 (+0, -1)
L1362: 7 (+1, -0)
L1364: 8 (+1, -0)
L1367: 7 (+0, -1)
L1368: 8 (+1, -0)
L1371: 7 (+0, -1)
L1372: 8 (+1, -0)
L1375: 7 (+0, -1)
L1376: 6 (+0, -1)
L1377: 5 (+0, -1)
L1379: 4 (+0, -1)
L1382: 5 (+1, -0)
L1383: 6 (+1, -0)
L1386: 5 (+0, -1)
L1388: 6 (+1, -0)
L1389: 7 (+1, -0)
L1392: 8 (+1, -0)
L1395: 9 (+1, -0)
L1398: 8 (+0, -1)
L1400: 9 (+1, -0)
L1403: 8 (+0, -1)
L1405: 9 (+1, -0)
L1410: 8 (+0, -1)
L1412: 9 (+1, -0)
L1415: 8 (+0, -1)
L1417: 9 (+1, -0)
L1420: 8 (+0, -1)
L1422: 9 (+1, -0)
L1425: 8 (+0, -1)
L1427: 9 (+1, -0)
L1430: 8 (+0, -1)
L1432: 9 (+1, -0)
L1435: 8 (+0, -1)
L1436: 7 (+0, -1)
L1439: 8 (+1, -0)
L1442: 9 (+1, -0)
L1445: 8 (+0, -1)
L1448: 9 (+1, -0)
L1451: 8 (+0, -1)
L1454: 9 (+1, -0)
L1457: 8 (+0, -1)
L1459: 9 (+1, -0)
L1462: 8 (+0, -1)
L1463: 7 (+0, -1)
L1464: 6 (+0, -1)
L1465: 5 (+0, -1)
L1467: 6 (+1, -0)
L1476: 5 (+0, -1)
L1477: 4 (+0, -1)
L1478: 3 (+0, -1)
L1481: 4 (+1, -0)
L1482: 5 (+1, -0)
L1483: 6 (+1, -0)
L1486: 7 (+1, -0)
L1488: 8 (+1, -0)
L1504: 7 (+0, -1)
L1507: 8 (+1, -0)
L1522: 7 (+0, -1)
L1523: 6 (+0, -1)
L1524: 5 (+0, -1)
L1526: 4 (+0, -1)
L1529: 5 (+1, -0)
L1534: 6 (+1, -0)
L1535: 7 (+1, -0)
L1536: 8 (+1, -0)
L1537: 9 (+1, -0)
L1538: 10 (+1, -0)
L1539: 9 (+0, -1)
L1540: 8 (+0, -1)
L1543: 9 (+1, -0)
L1546: 10 (+1, -0)
L1581: 11 (+1, -0)
L1582: 12 (+1, -0)
L1583: 13 (+1, -0)
L1585: 12 (+0, -1)
L1586: 13 (+1, -0)
L1589: 12 (+0, -1)
L1590: 13 (+1, -0)
L1592: 12 (+0, -1)
L1593: 11 (+0, -1)
L1598: 12 (+1, -0)
L1602: 11 (+0, -1)
L1607: 12 (+1, -0)
L1611: 11 (+0, -1)
L1613: 10 (+0, -1)
L1616: 11 (+1, -0)
L1619: 12 (+1, -0)
L1620: 11 (+0, -1)
L1624: 12 (+1, -0)
L1626: 13 (+1, -0)
L1628: 12 (+0, -1)
L1631: 13 (+1, -0)
L1632: 14 (+1, -0)
L1635: 13 (+0, -1)
L1636: 14 (+1, -0)
L1639: 13 (+0, -1)
L1640: 14 (+1, -0)
L1645: 13 (+0, -1)
L1646: 14 (+1, -0)
L1651: 13 (+0, -1)
L1652: 14 (+1, -0)
L1657: 13 (+0, -1)
L1658: 14 (+1, -0)
L1663: 13 (+0, -1)
L1664: 14 (+1, -0)
L1669: 13 (+0, -1)
L1670: 14 (+1, -0)
L1673: 13 (+0, -1)
L1677: 14 (+1, -0)
L1679: 15 (+1, -0)
L1711: 14 (+0, -1)
L1712: 13 (+0, -1)
L1717: 14 (+1, -0)
L1719: 15 (+1, -0)
L1741: 14 (+0, -1)
L1742: 13 (+0, -1)
L1744: 14 (+1, -0)
L1749: 13 (+0, -1)
L1750: 12 (+0, -1)
L1751: 11 (+0, -1)
L1752: 10 (+0, -1)
L1753: 9 (+0, -1)
L1785: 10 (+1, -0)
L1788: 11 (+1, -0)
L1789: 12 (+1, -0)
L1792: 11 (+0, -1)
L1799: 10 (+0, -1)
L1802: 11 (+1, -0)
L1803: 12 (+1, -0)
L1808: 13 (+1, -0)
L1809: 14 (+1, -0)
L1810: 15 (+1, -0)
L1811: 16 (+1, -0)
L1812: 17 (+1, -0)
L1813: 16 (+0, -1)
L1814: 15 (+0, -1)
L1818: 16 (+1, -0)
L1820: 17 (+1, -0)
L1824: 18 (+1, -0)
L1826: 19 (+1, -0)
L1859: 20 (+1, -0)
L1860: 21 (+1, -0)
L1861: 22 (+1, -0)
L1863: 21 (+0, -1)
L1864: 22 (+1, -0)
L1866: 21 (+0, -1)
L1867: 22 (+1, -0)
L1869: 21 (+0, -1)
L1870: 20 (+0, -1)
L1874: 21 (+1, -0)
L1878: 20 (+0, -1)
L1882: 21 (+1, -0)
L1886: 20 (+0, -1)
L1888: 19 (+0, -1)
L1890: 20 (+1, -0)
L1892: 21 (+1, -0)
L1893: 20 (+0, -1)
L1895: 19 (+0, -1)
L1896: 18 (+0, -1)
L1899: 19 (+1, -0)
L1900: 20 (+1, -0)
L1902: 21 (+1, -0)
L1917: 20 (+0, -1)
L1929: 19 (+0, -1)
L1933: 20 (+1, -0)
L1935: 21 (+1, -0)
L1967: 20 (+0, -1)
L1968: 19 (+0, -1)
L1970: 18 (+0, -1)
L1972: 17 (+0, -1)
L1979: 18 (+1, -0)
L1986: 19 (+1, -0)
L1991: 18 (+0, -1)
L2001: 19 (+1, -0)
L2019: 18 (+0, -1)
L2021: 17 (+0, -1)
L2028: 18 (+1, -0)
L2035: 19 (+1, -0)
L2036: 20 (+1, -0)
L2039: 19 (+0, -1)
L2046: 18 (+0, -1)
L2048: 19 (+1, -0)
L2072: 18 (+0, -1)
L2074: 19 (+1, -0)
L2089: 18 (+0, -1)
L2091: 17 (+0, -1)
L2094: 16 (+0, -1)
