L999: 1 (+1, -0)
L1000: 2 (+1, -0)
L1003: 3 (+1, -0)
L1004: 4 (+1, -0)
L1007: 3 (+0, -1)
L1008: 2 (+0, -1)
L1011: 3 (+1, -0)
L1014: 4 (+1, -0)
L1016: 5 (+1, -0)
L1017: 6 (+1, -0)
L1020: 5 (+0, -1)
L1022: 6 (+1, -0)
L1024: 7 (+1, -0)
L1025: 8 (+1, -0)
L1028: 7 (+0, -1)
L1029: 8 (+1, -0)
L1039: 9 (+1, -0)
L1040: 10 (+1, -0)
L1043: 9 (+0, -1)
L1045: 8 (+0, -1)
L1061: 9 (+1, -0)
L1062: 10 (+1, -0)
L1065: 9 (+0, -1)
L1067: 8 (+0, -1)
L1073: 7 (+0, -1)
L1074: 6 (+0, -1)
L1076: 5 (+0, -1)
L1077: 4 (+0, -1)
L1080: 5 (+1, -0)
L1081: 6 (+1, -0)
L1084: 5 (+0, -1)
L1086: 6 (+1, -0)
L1088: 7 (+1, -0)
L1110: 6 (+0, -1)
L1113: 7 (+1, -0)
L1115: 8 (+1, -0)
L1117: 9 (+1, -0)
L1138: 8 (+0, -1)
L1141: 9 (+1, -0)
L1142: 10 (+1, -0)
L1147: 9 (+0, -1)
L1151: 8 (+0, -1)
L1152: 7 (+0, -1)
L1155: 8 (+1, -0)
L1157: 9 (+1, -0)
L1174: 10 (+1, -0)
L1176: 11 (+1, -0)
L1180: 10 (+0, -1)
L1181: 9 (+0, -1)
L1182: 10 (+1, -0)
L1185: 9 (+0, -1)
L1189: 8 (+0, -1)
L1192: 9 (+1, -0)
L1196: 10 (+1, -0)
L1197: 11 (+1, -0)
L1205: 10 (+0, -1)
L1206: 11 (+1, -0)
L1214: 10 (+0, -1)
L1215: 9 (+0, -1)
L1221: 8 (+0, -1)
L1223: 7 (+0, -1)
L1224: 6 (+0, -1)
L1226: 7 (+1, -0)
L1228: 8 (+1, -0)
L1231: 7 (+0, -1)
L1232: 6 (+0, -1)
L1236: 7 (+1, -0)
L1238: 8 (+1, -0)
L1270: 7 (+0, -1)
L1273: 8 (+1, -0)
L1284: 7 (+0, -1)
L1286: 6 (+0, -1)
L1287: 5 (+0, -1)
L1289: 4 (+0, -1)
L1292: 5 (+1, -0)
L1293: 6 (+1, -0)
L1296: 5 (+0, -1)
L1298: 6 (+1, -0)
L1300: 7 (+1, -0)
L1303: 6 (+0, -1)
L1307: 7 (+1, -0)
L1321: 8 (+1, -0)
L1322: 9 (+1, -0)
L1324: 8 (+0, -1)
L1325: 9 (+1, -0)
L1337: 8 (+0, -1)
L1338: 7 (+0, -1)
L1339: 6 (+0, -1)
L1343: 7 (+1, -0)
L1358: 6 (+0, -1)
L1362: 7 (+1, -0)
L1364: 8 (+1, -0)
L1367: 7 (+0, -1)
L1368: 8 (+1, -0)
L1371: 7 (+0, -1)
L1372: 8 (+1, -0)
L1375: 7 (+0, -1)
L1376: 6 (+0, -1)
L1377: 5 (+0, -1)
L1379: 4 (+0, -1)
L1382: 5 (+1, -0)
L1383: 6 (+1, -0)
L1386: 5 (+0, -1)
L1388: 6 (+1, -0)
L1389: 7 (+1, -0)
L1392: 8 (+1, -0)
L1395: 9 (+1, -0)
L1398: 8 (+0, -1)
L1400: 9 (+1, -0)
L1403: 8 (+0, -1)
L1405: 9 (+1, -0)
L1410: 8 (+0, -1)
L1412: 9 (+1, -0)
L1415: 8 (+0, -1)
L1417: 9 (+1, -0)
L1420: 8 (+0, -1)
L1422: 9 (+1, -0)
L1425: 8 (+0, -1)
L1427: 9 (+1, -0)
L1430: 8 (+0, -1)
L1432: 9 (+1, -0)
L1435: 8 (+0, -1)
L1436: 7 (+0, -1)
L1439: 8 (+1, -0)
L1442: 9 (+1, -0)
L1445: 8 (+0, -1)
L1448: 9 (+1, -0)
L1451: 8 (+0, -1)
L1454: 9 (+1, -0)
L1457: 8 (+0, -1)
L1459: 9 (+1, -0)
L1462: 8 (+0, -1)
L1463: 7 (+0, -1)
L1464: 6 (+0, -1)
L1465: 5 (+0, -1)
L1467: 6 (+1, -0)
L1476: 5 (+0, -1)
L1477: 4 (+0, -1)
L1478: 3 (+0, -1)
L1479: 2 (+0, -1)
L1482: 3 (+1, -0)
L1483: 4 (+1, -0)
L1484: 5 (+1, -0)
L1487: 6 (+1, -0)
L1489: 7 (+1, -0)
L1505: 6 (+0, -1)
L1508: 7 (+1, -0)
L1523: 6 (+0, -1)
L1524: 5 (+0, -1)
L1525: 4 (+0, -1)
L1527: 3 (+0, -1)
L1530: 4 (+1, -0)
L1535: 5 (+1, -0)
L1536: 6 (+1, -0)
L1537: 7 (+1, -0)
L1538: 8 (+1, -0)
L1539: 9 (+1, -0)
L1540: 8 (+0, -1)
L1541: 7 (+0, -1)
L1544: 8 (+1, -0)
L1547: 9 (+1, -0)
L1582: 10 (+1, -0)
L1583: 11 (+1, -0)
L1584: 12 (+1, -0)
L1586: 11 (+0, -1)
L1587: 12 (+1, -0)
L1590: 11 (+0, -1)
L1591: 12 (+1, -0)
L1593: 11 (+0, -1)
L1594: 10 (+0, -1)
L1599: 11 (+1, -0)
L1603: 10 (+0, -1)
L1608: 11 (+1, -0)
L1612: 10 (+0, -1)
L1614: 9 (+0, -1)
L1617: 10 (+1, -0)
L1620: 11 (+1, -0)
L1621: 10 (+0, -1)
L1625: 11 (+1, -0)
L1627: 12 (+1, -0)
L1629: 11 (+0, -1)
L1632: 12 (+1, -0)
L1633: 13 (+1, -0)
L1636: 12 (+0, -1)
L1637: 13 (+1, -0)
L1640: 12 (+0, -1)
L1641: 13 (+1, -0)
L1646: 12 (+0, -1)
L1647: 13 (+1, -0)
L1652: 12 (+0, -1)
L1653: 13 (+1, -0)
L1658: 12 (+0, -1)
L1659: 13 (+1, -0)
L1664: 12 (+0, -1)
L1665: 13 (+1, -0)
L1670: 12 (+0, -1)
L1671: 13 (+1, -0)
L1674: 12 (+0, -1)
L1678: 13 (+1, -0)
L1680: 14 (+1, -0)
L1712: 13 (+0, -1)
L1713: 12 (+0, -1)
L1718: 13 (+1, -0)
L1720: 14 (+1, -0)
L1742: 13 (+0, -1)
L1743: 12 (+0, -1)
L1745: 13 (+1, -0)
L1750: 12 (+0, -1)
L1751: 11 (+0, -1)
L1752: 10 (+0, -1)
L1753: 9 (+0, -1)
L1754: 8 (+0, -1)
L1786: 9 (+1, -0)
L1789: 10 (+1, -0)
L1790: 11 (+1, -0)
L1793: 10 (+0, -1)
L1800: 9 (+0, -1)
L1803: 10 (+1, -0)
L1804: 11 (+1, -0)
L1809: 12 (+1, -0)
L1810: 13 (+1, -0)
L1811: 14 (+1, -0)
L1812: 15 (+1, -0)
L1813: 16 (+1, -0)
L1814: 15 (+0, -1)
L1815: 14 (+0, -1)
L1819: 15 (+1, -0)
L1821: 16 (+1, -0)
L1825: 17 (+1, -0)
L1827: 18 (+1, -0)
L1860: 19 (+1, -0)
L1861: 20 (+1, -0)
L1862: 21 (+1, -0)
L1864: 20 (+0, -1)
L1865: 21 (+1, -0)
L1867: 20 (+0, -1)
L1868: 21 (+1, -0)
L1870: 20 (+0, -1)
L1871: 19 (+0, -1)
L1875: 20 (+1, -0)
L1879: 19 (+0, -1)
L1883: 20 (+1, -0)
L1887: 19 (+0, -1)
L1889: 18 (+0, -1)
L1891: 19 (+1, -0)
L1893: 20 (+1, -0)
L1894: 19 (+0, -1)
L1896: 18 (+0, -1)
L1897: 17 (+0, -1)
L1900: 18 (+1, -0)
L1901: 19 (+1, -0)
L1903: 20 (+1, -0)
L1918: 19 (+0, -1)
L1930: 18 (+0, -1)
L1934: 19 (+1, -0)
L1936: 20 (+1, -0)
L1968: 19 (+0, -1)
L1969: 18 (+0, -1)
L1971: 17 (+0, -1)
L1973: 16 (+0, -1)
L1980: 17 (+1, -0)
L1987: 18 (+1, -0)
L1992: 17 (+0, -1)
L2002: 18 (+1, -0)
L2020: 17 (+0, -1)
L2022: 16 (+0, -1)
L2029: 17 (+1, -0)
L2036: 18 (+1, -0)
L2037: 19 (+1, -0)
L2040: 18 (+0, -1)
L2047: 17 (+0, -1)
L2049: 18 (+1, -0)
L2073: 17 (+0, -1)
L2075: 18 (+1, -0)
L2090: 17 (+0, -1)
L2092: 16 (+0, -1)
L2095: 15 (+0, -1)
