L999: 1 (+1, -0)
L1000: 2 (+1, -0)
L1003: 3 (+1, -0)
L1004: 4 (+1, -0)
L1007: 3 (+0, -1)
L1008: 2 (+0, -1)
L1011: 3 (+1, -0)
L1014: 4 (+1, -0)
L1016: 5 (+1, -0)
L1017: 6 (+1, -0)
L1020: 5 (+0, -1)
L1022: 6 (+1, -0)
L1024: 7 (+1, -0)
L1025: 8 (+1, -0)
L1028: 7 (+0, -1)
L1029: 8 (+1, -0)
L1039: 9 (+1, -0)
L1040: 10 (+1, -0)
L1043: 9 (+0, -1)
L1045: 8 (+0, -1)
L1061: 9 (+1, -0)
L1062: 10 (+1, -0)
L1065: 9 (+0, -1)
L1067: 8 (+0, -1)
L1073: 7 (+0, -1)
L1074: 6 (+0, -1)
L1076: 5 (+0, -1)
L1077: 4 (+0, -1)
L1080: 5 (+1, -0)
L1081: 6 (+1, -0)
L1084: 5 (+0, -1)
L1086: 6 (+1, -0)
L1088: 7 (+1, -0)
L1110: 6 (+0, -1)
L1113: 7 (+1, -0)
L1115: 8 (+1, -0)
L1117: 9 (+1, -0)
L1138: 8 (+0, -1)
L1141: 9 (+1, -0)
L1142: 10 (+1, -0)
L1147: 9 (+0, -1)
L1151: 8 (+0, -1)
L1152: 7 (+0, -1)
L1155: 8 (+1, -0)
L1157: 9 (+1, -0)
L1174: 10 (+1, -0)
L1176: 11 (+1, -0)
L1180: 10 (+0, -1)
L1181: 9 (+0, -1)
L1182: 10 (+1, -0)
L1185: 9 (+0, -1)
L1189: 8 (+0, -1)
L1192: 9 (+1, -0)
L1196: 10 (+1, -0)
L1197: 11 (+1, -0)
L1205: 10 (+0, -1)
L1206: 11 (+1, -0)
L1214: 10 (+0, -1)
L1215: 9 (+0, -1)
L1221: 8 (+0, -1)
L1223: 7 (+0, -1)
L1224: 6 (+0, -1)
L1226: 7 (+1, -0)
L1228: 8 (+1, -0)
L1231: 7 (+0, -1)
L1232: 6 (+0, -1)
L1236: 7 (+1, -0)
L1238: 8 (+1, -0)
L1270: 7 (+0, -1)
L1273: 8 (+1, -0)
L1284: 7 (+0, -1)
L1286: 6 (+0, -1)
L1287: 5 (+0, -1)
L1289: 4 (+0, -1)
L1290: 3 (+0, -1)
L1293: 4 (+1, -0)
L1294: 5 (+1, -0)
L1297: 4 (+0, -1)
L1299: 5 (+1, -0)
L1301: 6 (+1, -0)
L1304: 5 (+0, -1)
L1308: 6 (+1, -0)
L1322: 7 (+1, -0)
L1323: 8 (+1, -0)
L1325: 7 (+0, -1)
L1326: 8 (+1, -0)
L1338: 7 (+0, -1)
L1339: 6 (+0, -1)
L1340: 5 (+0, -1)
L1344: 6 (+1, -0)
L1359: 5 (+0, -1)
L1363: 6 (+1, -0)
L1365: 7 (+1, -0)
L1368: 6 (+0, -1)
L1369: 7 (+1, -0)
L1372: 6 (+0, -1)
L1373: 7 (+1, -0)
L1376: 6 (+0, -1)
L1377: 5 (+0, -1)
L1378: 4 (+0, -1)
L1380: 3 (+0, -1)
L1381: 2 (+0, -1)
L1384: 3 (+1, -0)
L1385: 4 (+1, -0)
L1388: 3 (+0, -1)
L1390: 4 (+1, -0)
L1391: 5 (+1, -0)
L1394: 6 (+1, -0)
L1397: 7 (+1, -0)
L1400: 6 (+0, -1)
L1402: 7 (+1, -0)
L1405: 6 (+0, -1)
L1407: 7 (+1, -0)
L1412: 6 (+0, -1)
L1414: 7 (+1, -0)
L1417: 6 (+0, -1)
L1419: 7 (+1, -0)
L1422: 6 (+0, -1)
L1424: 7 (+1, -0)
L1427: 6 (+0, -1)
L1429: 7 (+1, -0)
L1432: 6 (+0, -1)
L1434: 7 (+1, -0)
L1437: 6 (+0, -1)
L1438: 5 (+0, -1)
L1441: 6 (+1, -0)
L1444: 7 (+1, -0)
L1447: 6 (+0, -1)
L1450: 7 (+1, -0)
L1453: 6 (+0, -1)
L1456: 7 (+1, -0)
L1459: 6 (+0, -1)
L1461: 7 (+1, -0)
L1464: 6 (+0, -1)
L1465: 5 (+0, -1)
L1466: 4 (+0, -1)
L1467: 3 (+0, -1)
L1469: 4 (+1, -0)
L1478: 3 (+0, -1)
L1479: 2 (+0, -1)
L1480: 1 (+0, -1)
L1483: 2 (+1, -0)
L1484: 3 (+1, -0)
L1485: 4 (+1, -0)
L1488: 5 (+1, -0)
L1490: 6 (+1, -0)
L1506: 5 (+0, -1)
L1509: 6 (+1, -0)
L1524: 5 (+0, -1)
L1525: 4 (+0, -1)
L1526: 3 (+0, -1)
L1528: 2 (+0, -1)
L1531: 3 (+1, -0)
L1536: 4 (+1, -0)
L1537: 5 (+1, -0)
L1538: 6 (+1, -0)
L1539: 7 (+1, -0)
L1540: 8 (+1, -0)
L1541: 7 (+0, -1)
L1542: 6 (+0, -1)
L1545: 7 (+1, -0)
L1548: 8 (+1, -0)
L1583: 9 (+1, -0)
L1584: 10 (+1, -0)
L1585: 11 (+1, -0)
L1587: 10 (+0, -1)
L1588: 11 (+1, -0)
L1591: 10 (+0, -1)
L1592: 11 (+1, -0)
L1594: 10 (+0, -1)
L1595: 9 (+0, -1)
L1600: 10 (+1, -0)
L1604: 9 (+0, -1)
L1609: 10 (+1, -0)
L1613: 9 (+0, -1)
L1615: 8 (+0, -1)
L1618: 9 (+1, -0)
L1621: 10 (+1, -0)
L1622: 9 (+0, -1)
L1626: 10 (+1, -0)
L1628: 11 (+1, -0)
L1630: 10 (+0, -1)
L1633: 11 (+1, -0)
L1634: 12 (+1, -0)
L1637: 11 (+0, -1)
L1638: 12 (+1, -0)
L1641: 11 (+0, -1)
L1642: 12 (+1, -0)
L1647: 11 (+0, -1)
L1648: 12 (+1, -0)
L1653: 11 (+0, -1)
L1654: 12 (+1, -0)
L1659: 11 (+0, -1)
L1660: 12 (+1, -0)
L1665: 11 (+0, -1)
L1666: 12 (+1, -0)
L1671: 11 (+0, -1)
L1672: 12 (+1, -0)
L1675: 11 (+0, -1)
L1679: 12 (+1, -0)
L1681: 13 (+1, -0)
L1713: 12 (+0, -1)
L1714: 11 (+0, -1)
L1719: 12 (+1, -0)
L1721: 13 (+1, -0)
L1743: 12 (+0, -1)
L1744: 11 (+0, -1)
L1746: 12 (+1, -0)
L1751: 11 (+0, -1)
L1752: 10 (+0, -1)
L1753: 9 (+0, -1)
L1754: 8 (+0, -1)
L1755: 7 (+0, -1)
L1787: 8 (+1, -0)
L1790: 9 (+1, -0)
L1791: 10 (+1, -0)
L1794: 9 (+0, -1)
L1801: 8 (+0, -1)
L1804: 9 (+1, -0)
L1805: 10 (+1, -0)
L1810: 11 (+1, -0)
L1811: 12 (+1, -0)
L1812: 13 (+1, -0)
L1813: 14 (+1, -0)
L1814: 15 (+1, -0)
L1815: 14 (+0, -1)
L1816: 13 (+0, -1)
L1820: 14 (+1, -0)
L1822: 15 (+1, -0)
L1826: 16 (+1, -0)
L1828: 17 (+1, -0)
L1861: 18 (+1, -0)
L1862: 19 (+1, -0)
L1863: 20 (+1, -0)
L1865: 19 (+0, -1)
L1866: 20 (+1, -0)
L1868: 19 (+0, -1)
L1869: 20 (+1, -0)
L1871: 19 (+0, -1)
L1872: 18 (+0, -1)
L1876: 19 (+1, -0)
L1880: 18 (+0, -1)
L1884: 19 (+1, -0)
L1888: 18 (+0, -1)
L1890: 17 (+0, -1)
L1892: 18 (+1, -0)
L1894: 19 (+1, -0)
L1895: 18 (+0, -1)
L1897: 17 (+0, -1)
L1898: 16 (+0, -1)
L1901: 17 (+1, -0)
L1902: 18 (+1, -0)
L1904: 19 (+1, -0)
L1919: 18 (+0, -1)
L1931: 17 (+0, -1)
L1935: 18 (+1, -0)
L1937: 19 (+1, -0)
L1969: 18 (+0, -1)
L1970: 17 (+0, -1)
L1972: 16 (+0, -1)
L1974: 15 (+0, -1)
L1981: 16 (+1, -0)
L1988: 17 (+1, -0)
L1993: 16 (+0, -1)
L2003: 17 (+1, -0)
L2021: 16 (+0, -1)
L2023: 15 (+0, -1)
L2030: 16 (+1, -0)
L2037: 17 (+1, -0)
L2038: 18 (+1, -0)
L2041: 17 (+0, -1)
L2048: 16 (+0, -1)
L2050: 17 (+1, -0)
L2074: 16 (+0, -1)
L2076: 17 (+1, -0)
L2091: 16 (+0, -1)
L2093: 15 (+0, -1)
L2096: 14 (+0, -1)
